loadAddress
1024
110
1027
127
132
100
1
67
124
1
100
1
97
124
1
100
1
108
124
1
100
1
99
124
1
100
1
117
124
1
100
1
108
124
1
100
1
97
124
1
100
1
116
124
1
100
1
111
124
1
100
1
114
124
1
100
1
32
124
1
100
1
118
124
1
100
1
48
124
1
100
1
46
124
1
100
1
49
124
1
100
1
32
124
1
130
100
1
67
124
1
100
1
111
124
1
100
1
112
124
1
100
1
121
124
1
100
1
114
124
1
100
1
105
124
1
100
1
103
124
1
100
1
104
124
1
100
1
116
124
1
100
1
32
124
1
100
1
40
124
1
100
1
99
124
1
100
1
41
124
1
100
1
32
124
1
100
1
50
124
1
100
1
48
124
1
100
1
50
124
1
100
1
50
124
1
100
1
45
124
1
100
1
50
124
1
100
1
48
124
1
100
1
50
124
1
100
1
50
124
1
100
1
32
124
1
130
130
100
1
49
124
1
100
1
46
124
1
100
1
32
124
1
100
1
70
124
1
100
1
111
124
1
100
1
114
124
1
100
1
32
124
1
100
1
97
124
1
100
1
100
124
1
100
1
100
124
1
100
1
105
124
1
100
1
116
124
1
100
1
105
124
1
100
1
111
124
1
100
1
110
124
1
100
1
32
124
1
130
100
1
50
124
1
100
1
46
124
1
100
1
32
124
1
100
1
70
124
1
100
1
111
124
1
100
1
114
124
1
100
1
32
124
1
100
1
115
124
1
100
1
117
124
1
100
1
98
124
1
100
1
116
124
1
100
1
114
124
1
100
1
97
124
1
100
1
99
124
1
100
1
116
124
1
100
1
105
124
1
100
1
111
124
1
100
1
110
124
1
100
1
32
124
1
130
110
1411
127
101
1
524287
104
1
0
101
2
0
115
2
49
112
1683
111
1427
100
1
1
104
1
0
130
100
1
80
124
1
100
1
114
124
1
100
1
101
124
1
100
1
115
124
1
100
1
115
124
1
100
1
32
124
1
100
1
97
124
1
100
1
110
124
1
100
1
121
124
1
100
1
32
124
1
100
1
110
124
1
100
1
117
124
1
100
1
109
124
1
100
1
98
124
1
100
1
101
124
1
100
1
114
124
1
100
1
32
124
1
100
1
102
124
1
100
1
114
124
1
100
1
111
124
1
100
1
109
124
1
100
1
32
124
1
100
1
49
124
1
100
1
45
124
1
100
1
57
124
1
100
1
32
124
1
100
1
102
124
1
100
1
111
124
1
100
1
114
124
1
100
1
32
124
1
100
1
121
124
1
100
1
111
124
1
100
1
117
124
1
100
1
114
124
1
100
1
32
124
1
100
1
102
124
1
100
1
105
124
1
100
1
114
124
1
100
1
115
124
1
100
1
116
124
1
100
1
32
124
1
100
1
110
124
1
100
1
117
124
1
100
1
109
124
1
100
1
98
124
1
100
1
101
124
1
100
1
114
124
1
100
1
32
124
1
130
100
1
0
104
1
524287
110
1952
101
2
0
115
2
50
112
1949
111
1693
100
1
2
104
1
0
130
100
1
80
124
1
100
1
114
124
1
100
1
101
124
1
100
1
115
124
1
100
1
115
124
1
100
1
32
124
1
100
1
97
124
1
100
1
110
124
1
100
1
121
124
1
100
1
32
124
1
100
1
110
124
1
100
1
117
124
1
100
1
109
124
1
100
1
98
124
1
100
1
101
124
1
100
1
114
124
1
100
1
32
124
1
100
1
102
124
1
100
1
114
124
1
100
1
111
124
1
100
1
109
124
1
100
1
32
124
1
100
1
49
124
1
100
1
45
124
1
100
1
57
124
1
100
1
32
124
1
100
1
102
124
1
100
1
111
124
1
100
1
114
124
1
100
1
32
124
1
100
1
121
124
1
100
1
111
124
1
100
1
117
124
1
100
1
114
124
1
100
1
32
124
1
100
1
102
124
1
100
1
105
124
1
100
1
114
124
1
100
1
115
124
1
100
1
116
124
1
100
1
32
124
1
100
1
110
124
1
100
1
117
124
1
100
1
109
124
1
100
1
98
124
1
100
1
101
124
1
100
1
114
124
1
100
1
32
124
1
130
100
1
0
104
1
524287
110
1952
110
1411
127
101
1
524287
104
1
0
101
2
0
115
2
48
112
2229
111
1968
100
1
0
104
1
0
130
100
1
80
124
1
100
1
114
124
1
100
1
101
124
1
100
1
115
124
1
100
1
115
124
1
100
1
32
124
1
100
1
97
124
1
100
1
110
124
1
100
1
121
124
1
100
1
32
124
1
100
1
110
124
1
100
1
117
124
1
100
1
109
124
1
100
1
98
124
1
100
1
101
124
1
100
1
114
124
1
100
1
32
124
1
100
1
102
124
1
100
1
114
124
1
100
1
111
124
1
100
1
109
124
1
100
1
32
124
1
100
1
49
124
1
100
1
45
124
1
100
1
57
124
1
100
1
32
124
1
100
1
102
124
1
100
1
111
124
1
100
1
114
124
1
100
1
32
124
1
100
1
121
124
1
100
1
111
124
1
100
1
117
124
1
100
1
114
124
1
100
1
32
124
1
100
1
115
124
1
100
1
101
124
1
100
1
99
124
1
100
1
111
124
1
100
1
110
124
1
100
1
100
124
1
100
1
32
124
1
100
1
110
124
1
100
1
117
124
1
100
1
109
124
1
100
1
98
124
1
100
1
101
124
1
100
1
114
124
1
100
1
32
124
1
130
100
1
0
104
1
524287
110
4671
101
2
0
115
2
49
112
2500
111
2239
100
1
1
104
1
0
130
100
1
80
124
1
100
1
114
124
1
100
1
101
124
1
100
1
115
124
1
100
1
115
124
1
100
1
32
124
1
100
1
97
124
1
100
1
110
124
1
100
1
121
124
1
100
1
32
124
1
100
1
110
124
1
100
1
117
124
1
100
1
109
124
1
100
1
98
124
1
100
1
101
124
1
100
1
114
124
1
100
1
32
124
1
100
1
102
124
1
100
1
114
124
1
100
1
111
124
1
100
1
109
124
1
100
1
32
124
1
100
1
49
124
1
100
1
45
124
1
100
1
57
124
1
100
1
32
124
1
100
1
102
124
1
100
1
111
124
1
100
1
114
124
1
100
1
32
124
1
100
1
121
124
1
100
1
111
124
1
100
1
117
124
1
100
1
114
124
1
100
1
32
124
1
100
1
115
124
1
100
1
101
124
1
100
1
99
124
1
100
1
111
124
1
100
1
110
124
1
100
1
100
124
1
100
1
32
124
1
100
1
110
124
1
100
1
117
124
1
100
1
109
124
1
100
1
98
124
1
100
1
101
124
1
100
1
114
124
1
100
1
32
124
1
130
100
1
0
104
1
524287
110
4671
101
2
0
115
2
50
112
2771
111
2510
100
1
2
104
1
0
130
100
1
80
124
1
100
1
114
124
1
100
1
101
124
1
100
1
115
124
1
100
1
115
124
1
100
1
32
124
1
100
1
97
124
1
100
1
110
124
1
100
1
121
124
1
100
1
32
124
1
100
1
110
124
1
100
1
117
124
1
100
1
109
124
1
100
1
98
124
1
100
1
101
124
1
100
1
114
124
1
100
1
32
124
1
100
1
102
124
1
100
1
114
124
1
100
1
111
124
1
100
1
109
124
1
100
1
32
124
1
100
1
49
124
1
100
1
45
124
1
100
1
57
124
1
100
1
32
124
1
100
1
102
124
1
100
1
111
124
1
100
1
114
124
1
100
1
32
124
1
100
1
121
124
1
100
1
111
124
1
100
1
117
124
1
100
1
114
124
1
100
1
32
124
1
100
1
115
124
1
100
1
101
124
1
100
1
99
124
1
100
1
111
124
1
100
1
110
124
1
100
1
100
124
1
100
1
32
124
1
100
1
110
124
1
100
1
117
124
1
100
1
109
124
1
100
1
98
124
1
100
1
101
124
1
100
1
114
124
1
100
1
32
124
1
130
100
1
0
104
1
524287
110
4671
101
2
0
115
2
51
112
3042
111
2781
100
1
3
104
1
0
130
100
1
80
124
1
100
1
114
124
1
100
1
101
124
1
100
1
115
124
1
100
1
115
124
1
100
1
32
124
1
100
1
97
124
1
100
1
110
124
1
100
1
121
124
1
100
1
32
124
1
100
1
110
124
1
100
1
117
124
1
100
1
109
124
1
100
1
98
124
1
100
1
101
124
1
100
1
114
124
1
100
1
32
124
1
100
1
102
124
1
100
1
114
124
1
100
1
111
124
1
100
1
109
124
1
100
1
32
124
1
100
1
49
124
1
100
1
45
124
1
100
1
57
124
1
100
1
32
124
1
100
1
102
124
1
100
1
111
124
1
100
1
114
124
1
100
1
32
124
1
100
1
121
124
1
100
1
111
124
1
100
1
117
124
1
100
1
114
124
1
100
1
32
124
1
100
1
115
124
1
100
1
101
124
1
100
1
99
124
1
100
1
111
124
1
100
1
110
124
1
100
1
100
124
1
100
1
32
124
1
100
1
110
124
1
100
1
117
124
1
100
1
109
124
1
100
1
98
124
1
100
1
101
124
1
100
1
114
124
1
100
1
32
124
1
130
100
1
0
104
1
524287
110
4671
101
2
0
115
2
52
112
3313
111
3052
100
1
4
104
1
0
130
100
1
80
124
1
100
1
114
124
1
100
1
101
124
1
100
1
115
124
1
100
1
115
124
1
100
1
32
124
1
100
1
97
124
1
100
1
110
124
1
100
1
121
124
1
100
1
32
124
1
100
1
110
124
1
100
1
117
124
1
100
1
109
124
1
100
1
98
124
1
100
1
101
124
1
100
1
114
124
1
100
1
32
124
1
100
1
102
124
1
100
1
114
124
1
100
1
111
124
1
100
1
109
124
1
100
1
32
124
1
100
1
49
124
1
100
1
45
124
1
100
1
57
124
1
100
1
32
124
1
100
1
102
124
1
100
1
111
124
1
100
1
114
124
1
100
1
32
124
1
100
1
121
124
1
100
1
111
124
1
100
1
117
124
1
100
1
114
124
1
100
1
32
124
1
100
1
115
124
1
100
1
101
124
1
100
1
99
124
1
100
1
111
124
1
100
1
110
124
1
100
1
100
124
1
100
1
32
124
1
100
1
110
124
1
100
1
117
124
1
100
1
109
124
1
100
1
98
124
1
100
1
101
124
1
100
1
114
124
1
100
1
32
124
1
130
100
1
0
104
1
524287
110
4671
101
2
0
115
2
53
112
3584
111
3323
100
1
5
104
1
0
130
100
1
80
124
1
100
1
114
124
1
100
1
101
124
1
100
1
115
124
1
100
1
115
124
1
100
1
32
124
1
100
1
97
124
1
100
1
110
124
1
100
1
121
124
1
100
1
32
124
1
100
1
110
124
1
100
1
117
124
1
100
1
109
124
1
100
1
98
124
1
100
1
101
124
1
100
1
114
124
1
100
1
32
124
1
100
1
102
124
1
100
1
114
124
1
100
1
111
124
1
100
1
109
124
1
100
1
32
124
1
100
1
49
124
1
100
1
45
124
1
100
1
57
124
1
100
1
32
124
1
100
1
102
124
1
100
1
111
124
1
100
1
114
124
1
100
1
32
124
1
100
1
121
124
1
100
1
111
124
1
100
1
117
124
1
100
1
114
124
1
100
1
32
124
1
100
1
115
124
1
100
1
101
124
1
100
1
99
124
1
100
1
111
124
1
100
1
110
124
1
100
1
100
124
1
100
1
32
124
1
100
1
110
124
1
100
1
117
124
1
100
1
109
124
1
100
1
98
124
1
100
1
101
124
1
100
1
114
124
1
100
1
32
124
1
130
100
1
0
104
1
524287
110
4671
101
2
0
115
2
54
112
3855
111
3594
100
1
6
104
1
0
130
100
1
80
124
1
100
1
114
124
1
100
1
101
124
1
100
1
115
124
1
100
1
115
124
1
100
1
32
124
1
100
1
97
124
1
100
1
110
124
1
100
1
121
124
1
100
1
32
124
1
100
1
110
124
1
100
1
117
124
1
100
1
109
124
1
100
1
98
124
1
100
1
101
124
1
100
1
114
124
1
100
1
32
124
1
100
1
102
124
1
100
1
114
124
1
100
1
111
124
1
100
1
109
124
1
100
1
32
124
1
100
1
49
124
1
100
1
45
124
1
100
1
57
124
1
100
1
32
124
1
100
1
102
124
1
100
1
111
124
1
100
1
114
124
1
100
1
32
124
1
100
1
121
124
1
100
1
111
124
1
100
1
117
124
1
100
1
114
124
1
100
1
32
124
1
100
1
115
124
1
100
1
101
124
1
100
1
99
124
1
100
1
111
124
1
100
1
110
124
1
100
1
100
124
1
100
1
32
124
1
100
1
110
124
1
100
1
117
124
1
100
1
109
124
1
100
1
98
124
1
100
1
101
124
1
100
1
114
124
1
100
1
32
124
1
130
100
1
0
104
1
524287
110
4671
101
2
0
115
2
55
112
4126
111
3865
100
1
7
104
1
0
130
100
1
80
124
1
100
1
114
124
1
100
1
101
124
1
100
1
115
124
1
100
1
115
124
1
100
1
32
124
1
100
1
97
124
1
100
1
110
124
1
100
1
121
124
1
100
1
32
124
1
100
1
110
124
1
100
1
117
124
1
100
1
109
124
1
100
1
98
124
1
100
1
101
124
1
100
1
114
124
1
100
1
32
124
1
100
1
102
124
1
100
1
114
124
1
100
1
111
124
1
100
1
109
124
1
100
1
32
124
1
100
1
49
124
1
100
1
45
124
1
100
1
57
124
1
100
1
32
124
1
100
1
102
124
1
100
1
111
124
1
100
1
114
124
1
100
1
32
124
1
100
1
121
124
1
100
1
111
124
1
100
1
117
124
1
100
1
114
124
1
100
1
32
124
1
100
1
115
124
1
100
1
101
124
1
100
1
99
124
1
100
1
111
124
1
100
1
110
124
1
100
1
100
124
1
100
1
32
124
1
100
1
110
124
1
100
1
117
124
1
100
1
109
124
1
100
1
98
124
1
100
1
101
124
1
100
1
114
124
1
100
1
32
124
1
130
100
1
0
104
1
524287
110
4671
101
2
0
115
2
56
112
4397
111
4136
100
1
8
104
1
0
130
100
1
80
124
1
100
1
114
124
1
100
1
101
124
1
100
1
115
124
1
100
1
115
124
1
100
1
32
124
1
100
1
97
124
1
100
1
110
124
1
100
1
121
124
1
100
1
32
124
1
100
1
110
124
1
100
1
117
124
1
100
1
109
124
1
100
1
98
124
1
100
1
101
124
1
100
1
114
124
1
100
1
32
124
1
100
1
102
124
1
100
1
114
124
1
100
1
111
124
1
100
1
109
124
1
100
1
32
124
1
100
1
49
124
1
100
1
45
124
1
100
1
57
124
1
100
1
32
124
1
100
1
102
124
1
100
1
111
124
1
100
1
114
124
1
100
1
32
124
1
100
1
121
124
1
100
1
111
124
1
100
1
117
124
1
100
1
114
124
1
100
1
32
124
1
100
1
115
124
1
100
1
101
124
1
100
1
99
124
1
100
1
111
124
1
100
1
110
124
1
100
1
100
124
1
100
1
32
124
1
100
1
110
124
1
100
1
117
124
1
100
1
109
124
1
100
1
98
124
1
100
1
101
124
1
100
1
114
124
1
100
1
32
124
1
130
100
1
0
104
1
524287
110
4671
101
2
0
115
2
57
112
4668
111
4407
100
1
9
104
1
0
130
100
1
80
124
1
100
1
114
124
1
100
1
101
124
1
100
1
115
124
1
100
1
115
124
1
100
1
32
124
1
100
1
97
124
1
100
1
110
124
1
100
1
121
124
1
100
1
32
124
1
100
1
110
124
1
100
1
117
124
1
100
1
109
124
1
100
1
98
124
1
100
1
101
124
1
100
1
114
124
1
100
1
32
124
1
100
1
102
124
1
100
1
114
124
1
100
1
111
124
1
100
1
109
124
1
100
1
32
124
1
100
1
49
124
1
100
1
45
124
1
100
1
57
124
1
100
1
32
124
1
100
1
102
124
1
100
1
111
124
1
100
1
114
124
1
100
1
32
124
1
100
1
121
124
1
100
1
111
124
1
100
1
117
124
1
100
1
114
124
1
100
1
32
124
1
100
1
115
124
1
100
1
101
124
1
100
1
99
124
1
100
1
111
124
1
100
1
110
124
1
100
1
100
124
1
100
1
32
124
1
100
1
110
124
1
100
1
117
124
1
100
1
109
124
1
100
1
98
124
1
100
1
101
124
1
100
1
114
124
1
100
1
32
124
1
130
100
1
0
104
1
524287
110
4671
110
1952
127
101
1
524287
104
1
0
101
2
0
115
2
48
112
4702
111
4687
100
1
0
104
1
0
130
100
1
0
104
1
524287
110
4930
101
2
0
115
2
49
112
4727
111
4712
100
1
1
104
1
0
130
100
1
0
104
1
524287
110
4930
101
2
0
115
2
50
112
4752
111
4737
100
1
2
104
1
0
130
100
1
0
104
1
524287
110
4930
101
2
0
115
2
51
112
4777
111
4762
100
1
3
104
1
0
130
100
1
0
104
1
524287
110
4930
101
2
0
115
2
52
112
4802
111
4787
100
1
4
104
1
0
130
100
1
0
104
1
524287
110
4930
101
2
0
115
2
53
112
4827
111
4812
100
1
5
104
1
0
130
100
1
0
104
1
524287
110
4930
101
2
0
115
2
54
112
4852
111
4837
100
1
6
104
1
0
130
100
1
0
104
1
524287
110
4930
101
2
0
115
2
55
112
4877
111
4862
100
1
7
104
1
0
130
100
1
0
104
1
524287
110
4930
101
2
0
115
2
56
112
4902
111
4887
100
1
8
104
1
0
130
100
1
0
104
1
524287
110
4930
101
2
0
115
2
57
112
4927
111
4912
100
1
9
104
1
0
130
100
1
0
104
1
524287
110
4930
110
4671
127
101
2
0
115
2
1
112
4942
111
4940
110
4986
101
2
0
115
2
2
112
4954
111
4952
110
5109
100
1
101
124
1
100
1
114
124
1
100
1
114
124
1
100
1
111
124
1
100
1
114
124
1
100
1
32
124
1
130
127
101
1
0
100
2
1
113
1
2
104
2
0
101
1
0
100
2
2
113
1
2
104
2
0
101
1
0
100
2
3
113
1
2
104
2
0
101
1
0
100
2
4
113
1
2
104
2
0
101
1
0
100
2
5
113
1
2
104
2
0
101
1
0
100
2
6
113
1
2
104
2
0
101
1
0
100
2
7
113
1
2
104
2
0
101
1
0
100
2
8
113
1
2
104
2
0
101
1
0
100
2
9
113
1
2
104
2
0
101
1
0
100
2
0
113
1
2
104
2
0
110
5232
127
101
1
0
100
2
1
114
1
2
104
2
0
101
1
0
100
2
2
114
1
2
104
2
0
101
1
0
100
2
3
114
1
2
104
2
0
101
1
0
100
2
4
114
1
2
104
2
0
101
1
0
100
2
5
114
1
2
104
2
0
101
1
0
100
2
6
114
1
2
104
2
0
101
1
0
100
2
7
114
1
2
104
2
0
101
1
0
100
2
8
114
1
2
104
2
0
101
1
0
100
2
9
114
1
2
104
2
0
101
1
0
100
2
0
114
1
2
104
2
0
110
5232
127
101
2
0
115
2
1
112
5244
111
5242
110
5257
101
2
0
115
2
2
112
5256
111
5254
110
5380
127
101
1
0
100
2
1
113
1
2
104
2
0
101
1
0
100
2
2
113
1
2
104
2
0
101
1
0
100
2
3
113
1
2
104
2
0
101
1
0
100
2
4
113
1
2
104
2
0
101
1
0
100
2
5
113
1
2
104
2
0
101
1
0
100
2
6
113
1
2
104
2
0
101
1
0
100
2
7
113
1
2
104
2
0
101
1
0
100
2
8
113
1
2
104
2
0
101
1
0
100
2
9
113
1
2
104
2
0
101
1
0
100
2
0
113
1
2
104
2
0
110
5503
127
101
1
0
100
2
1
114
1
2
104
2
0
101
1
0
100
2
2
114
1
2
104
2
0
101
1
0
100
2
3
114
1
2
104
2
0
101
1
0
100
2
4
114
1
2
104
2
0
101
1
0
100
2
5
114
1
2
104
2
0
101
1
0
100
2
6
114
1
2
104
2
0
101
1
0
100
2
7
114
1
2
104
2
0
101
1
0
100
2
8
114
1
2
104
2
0
101
1
0
100
2
9
114
1
2
104
2
0
101
1
0
100
2
0
114
1
2
104
2
0
110
5503
127
132
100
1
89
124
1
100
1
111
124
1
100
1
117
124
1
100
1
114
124
1
100
1
32
124
1
100
1
116
124
1
100
1
111
124
1
100
1
116
124
1
100
1
97
124
1
100
1
108
124
1
100
1
32
124
1
100
1
105
124
1
100
1
115
124
1
100
1
58
124
1
100
1
32
124
1
130
101
1
0
131
1
110
5588
127
110
5588
127
